Node: 503.62 307.15 -1 0 3
Node: 293.26 307.15 -1 0 3
Node: 292.53 194.58 1 0 3
Node: 338.78 194.58 1 0 3
Node: 374.95 230.34 0 1 3
Node: 414.14 267.93 1 0 3
Node: 478.55 267.93 1 0 3
Node: 478.87 194.63 -1 0 3
Node: 225.99 194.63 -1 0 3
Node: 192.06 159.96 0 -1 3
Node: 192.06 144.96 0 -1 3
Line: 0 0 0 1 1 0 0
Line: 0 -1 307.15 -1 0 0
Circle: 293.77 250.71 56.48 -1 -0.0177
Line: 0 -1 194.58 1 0 0
Circle: 337.94 231.28 36.73 -1 -0.0272
Circle: 411.58 231.28 36.9 1 0.0271
Line: 0 -1 267.93 1 0 0
Circle: 478.58 231.28 36.73 1 0.0272
Line: 0 -1 194.63 -1 0 0
Circle: 228.8 158.12 36.73 -1 -0.0272
Line: 1 0 -192.06 0 -1 0
