Nord: 530.45 307.15 10
Nord: 293.26 307.15 10
Nord: 292.53 194.58 10
Nord: 338.78 194.58 10
Nord: 374.95 230.34 10
Nord: 414.14 267.93 10
Nord: 478.55 267.93 10
Nord: 478.87 194.63 10
Nord: 225.99 194.63 10
Nord: 192.06 159.96 10
Nord: 192.06 61.41 10
Line: 0 0 0 1 1
Line: 0 -1 307.15 -1 0
Circle: 293.77 250.71 56.48 -1
Line: 0 -1 194.58 -1 0
Circle: 337.94 231.28 36.73 1
Circle: 411.58 231.28 36.9 1
Line: 0 -1 267.93 -1 0
Circle: 478.58 231.28 36.73 1
Line: 0 -1 194.63 -1 0
Circle: 228.8 158.12 36.73 1
Line: 1 0 -192.06 0 -1
