Node: 503.14 339.51 -1 0 3
Node: 240.61 339.51 -1 0 3
Node: 157.62 240.15 0 -1 3
Node: 157.62 70.65 0 -1 3
Node: 118.28 30.65 -1 0 3
Node: 67.32 30.65 -1 0 3
Node: 39.88 81.84 0.53 0.85 3
Node: 171.35 291.23 0.53 0.85 3
Node: 148.52 339.12 -1 0 3
Node: 143.52 339.12 -1 0 3
Line: 0 0 1 1 0 0
Line: 0 -1 339.51 -1 0 0
Circle: 255.83 240.61 97.78 -1 -0.0102
Line: 1 0 -157.62 0 -1 0
Circle: 118.95 69.82 38.11 1 0.0262
Line: 0 -1 30.65 -1 0 0
Circle: 69.04 65.01 33.33 1 0.03
Line: 1.59 -1 18.43 0.53 0.85 0
Circle: 147.87 309.5 29.39 -1 -0.034
Line: 0 -1 339.12 -1 0 0
